ERROR LOG 

 _____________________________________________ 
parameters: [4.202786421630597, 7.775037677256127, 11.254149738995741, 19.032249764348965, 7.900158356661988, 0.4430383238998893, 8.611555910754912, 4.580137908032613, -0.984821603473794, 10.68356615128727, -2.9081432102940483, 13.330896611723219, 1.466561176312613, -12.132760445276087, 12.741605570450787, 22.185873006767846, -2.4697051935786956, 8.759240179223342, -36.52207774351698, 73.40826155333673]; 
 
error: not convergent; 
 
 
 _____________________________________________ 
parameters: [11.989256627379543, 12.93502877921164, 12.088643342649565, 18.03887934980039, 0.9419103016317689, 3.7026635135649646, 0.686117724531275, 2.596053980827027, -0.29380231373933235, 14.017482275774483, -2.9081432102940483, 13.330896611723219, 3.6494704138638188, 12.928571962226677, 10.339349040720911, -13.185398021016237, 6.437062999876438, 8.759240179223342, 32.58782136717705, 51.02868461857139]; 
 
error: not convergent; 
 
 
 _____________________________________________ 
parameters: [18.273785926217545, 9.834664990148521, 6.143677870222085, 2.7030139252678738, 11.255400179832582, 6.192188612183145, 8.000446238837856, 5.373812941734713, -0.9711931069264874, 0.13985077734023163, -2.2692510412281273, 23.73916422968033, 19.642444196441694, -2.0445189425322567, 4.954703651081646, 21.71841660231449, 17.566241231885023, 13.796784708902816, -169.18984548266036, 59.138780425967305]; 
 
error: not convergent; 
 
 
 _____________________________________________ 
parameters: [17.715791512771006, 7.1275125989402905, 17.45242427051736, 9.409336553399491, 7.362231179196176, 13.213659025715245, 3.4267441573104005, 4.776254256456614, -1.1154334486691815, 10.697442358482924, -4.81542878046418, 8.354291866660681, 24.00928645905494, 17.656080213583138, 13.199451947228724, 17.599336252530925, -0.43262327487048324, -2.2722210298149115, -11.821383053505485, 75.40841307760628]; 
 
error: not convergent; 
 
 
 _____________________________________________ 
parameters: [2.6715304507397075, 14.738038546965313, 6.799367406870865, 18.521716480106235, 1.6901711159794417, 13.789709106816762, 1.3795292097068703, 4.44662948370306, -1.5736982333839231, 14.140187456768391, -8.788446657652909, 4.095194512376763, 13.9492652799116, 18.931116210370103, 18.901312394496145, -24.531694579322707, 16.369595265434995, 6.599194510566708, -224.23614749513806, 61.799090179591985]; 
 
error: not convergent; 
 
 
 _____________________________________________ 
parameters: [17.715791512771006, 7.1275125989402905, 17.45242427051736, 9.409336553399491, 7.362231179196176, 13.213659025715245, 3.4267441573104005, 4.776254256456614, -1.1154334486691815, 10.697442358482924, -4.81542878046418, 8.354291866660681, 24.00928645905494, 17.656080213583138, 13.199451947228724, 17.599336252530925, -0.43262327487048324, -2.2722210298149115, -11.821383053505485, 75.40841307760628]; 
 
error: not convergent; 
 
 
 _____________________________________________ 
parameters: [16.66420863893747, 0.9958492247990502, 2.4457977167286846, 9.634054883530695, 12.995010488842146, 12.573511788624838, 9.477613487177978, 1.2724968947211133, -0.8188309166270122, 8.056277552032558, -3.5591161403339786, 23.07546032965877, 1.5628129050351838, 12.476915049857016, 14.54089837481471, 18.55747289113476, -19.502884993002375, 23.260206757351817, -224.9347522341524, 41.29746497273553]; 
 
error: not convergent; 
 
 
 _____________________________________________ 
parameters: [12.202909632055668, 16.5395845467576, 5.2143145457241005, 17.07602846823871, 0.39039422527729317, 0.15751961026209543, 0.23453880650465805, 0.5730131685030423, -0.3437187828729791, 14.393930917812636, -6.671170561654624, -4.179029126104037, 14.269457718568646, -5.467515364470422, 18.973540186585495, -7.843745865830609, 7.856777436458771, -21.940660083080132, -1.5990924369459094, 60.02762423025699]; 
 
error: not convergent; 
 
 
 _____________________________________________ 
parameters: [17.94659162020048, 19.903546064882246, 7.772693951638429, 12.024878524699547, 10.178802729971796, 7.914695046400771, 2.5626974850854287, 2.7818984948626646, -1.0241128775109873, 4.266129337960979, -1.3174671499808301, 19.4172772982019, 17.752952047266014, 6.410179048270951, 4.274575149461381, 19.272438666196248, 1.9299088004696348, 12.970207832234061, -93.24268536853997, 21.966691535028957]; 
 
error: not convergent; 
 
 
 _____________________________________________ 
parameters: [17.715791512771006, 7.1275125989402905, 17.45242427051736, 9.409336553399491, 7.362231179196176, 13.213659025715245, 3.4267441573104005, 4.776254256456614, -1.1154334486691815, 10.697442358482924, -4.81542878046418, 8.354291866660681, 24.00928645905494, 17.656080213583138, 13.199451947228724, 17.599336252530925, -0.43262327487048324, -2.2722210298149115, -11.821383053505485, 75.40841307760628]; 
 
error: not convergent; 
 
 
 _____________________________________________ 
parameters: [17.715791512771006, 7.1275125989402905, 17.45242427051736, 9.409336553399491, 7.362231179196176, 13.213659025715245, 3.4267441573104005, 4.776254256456614, -1.1154334486691815, 10.697442358482924, -4.81542878046418, 8.354291866660681, 24.00928645905494, 17.656080213583138, 13.199451947228724, 17.599336252530925, -0.43262327487048324, -2.2722210298149115, -11.821383053505485, 75.40841307760628]; 
 
error: not convergent; 
 
 
 _____________________________________________ 
parameters: [12.202909632055668, 16.5395845467576, 5.2143145457241005, 17.07602846823871, 0.39039422527729317, 0.15751961026209543, 0.23453880650465805, 0.5730131685030423, -0.3437187828729791, 14.393930917812636, -6.671170561654624, -4.179029126104037, 14.269457718568646, -5.467515364470422, 18.973540186585495, -7.843745865830609, 7.856777436458771, -21.940660083080132, -1.5990924369459094, 60.02762423025699]; 
 
error: not convergent; 
 
 
 _____________________________________________ 
parameters: [5.156037606102663, 11.19151335381597, 7.949646535585909, 7.64143349912811, 5.808431816995109, 3.218400770525406, 2.7076381957423648, 3.1950245444393186, -0.8608087508604638, 14.718817706501886, -1.097417714081197, 4.095194512376763, 21.552041151628895, 18.931116210370103, 2.5013834870731912, -13.768410605237712, 11.84755898881986, 6.599194510566708, 29.81995408566891, 61.02032426401805]; 
 
error: not convergent; 
 
 
 _____________________________________________ 
parameters: [8.975399982323012, 11.045839686816407, 16.11649637914428, 10.385941346540179, 9.578669366020517, 11.218151253780078, 2.683676802127041, 3.1378598203834844, -0.9709882273591498, 14.573978594716596, -6.969852426833619, -0.4215910842472894, 19.44514424810256, 18.885066680307926, 18.883961393521655, -4.906188602653327, 10.883032195255012, -5.147437325544635, -11.38982215803725, 66.99570003756527]; 
 
error: not convergent; 
 
 
 _____________________________________________ 
parameters: [17.022303309435834, 18.2442942032159, 3.21759947164508, 13.831342347905231, 5.086419232111423, 12.048051751658356, 2.7103445989560253, 6.268476541286598, -1.9600380541038522, 12.883004431505032, -1.5711369631126288, 23.113402018864896, 3.7206712856554747, 23.79202182516004, 6.444596002576841, 9.912683608769807, -8.324393748164475, 4.141633299221251, -249.33193966359343, 4.695043763231027]; 
 
error: not convergent; 
 
 
 _____________________________________________ 
parameters: [12.202909632055668, 16.5395845467576, 5.2143145457241005, 17.07602846823871, 0.39039422527729317, 0.15751961026209543, 0.23453880650465805, 0.5730131685030423, -0.3437187828729791, 14.393930917812636, -6.671170561654624, -4.179029126104037, 14.269457718568646, -5.467515364470422, 18.973540186585495, -7.843745865830609, 7.856777436458771, -21.940660083080132, -1.5990924369459094, 60.02762423025699]; 
 
error: not convergent; 
 
 
 _____________________________________________ 
parameters: [5.6170362390287005, 15.215933165887474, 1.5446896145120128, 13.590109997644706, 1.664431525723689, 2.7338514755420196, 0.4861095098382515, 1.9153702791751563, -0.22632680826652352, 13.910406150972422, -4.33620566938672, -6.55752331621817, 18.754027855479197, -17.11936268465, 17.41500957353704, 10.4669053821884, 16.41291034121037, -8.839161519916747, -61.7898015257758, 68.7775854656476]; 
 
error: not convergent; 
 
 
 _____________________________________________ 
parameters: [6.1421148005225925, 10.76794281365885, 1.1386184985585182, 7.739256020760606, 5.212523315366117, 0.48352644860098026, 0.3476819912771725, 0.8295538577573582, -0.7819883784570172, 13.272622448108233, -5.018895870875322, 14.559134964665514, 16.505269497978027, 17.767289163695487, 6.3721726493443205, 21.19503341910147, 18.809852362606975, -11.434130640248586, -7.580346521750876, 63.82315100332172]; 
 
error: not convergent; 
 
 